364 341 379 385 408 390 385 402 361 398 369 387 403 372 361 371 387 420 404 376 399 371 342 388 384 391 379 403 344 385 401 401 356 381 381 336 399 388 375 406 360 387 372 379 364 383 368 406 408 392 368 379 405 391 365 396 373 402 370 365 365 344 400 377 358 362 405 384 363 390 383 390 365 366 359 383 378 385 377 363 389 394 400 392 357 365 365 389 396 402 358 379 406 353 399 384 416 400 368 396 362 395 405 368 366 370 403 368 407 384 406 386 372 392 430 369 369 407 375 385 403 356 379 353 367 354 352 382
393 402 367 379 375 384 385 365 369 398 384 405 419 359 374 407 387 396 360 417 381 370 370 387 386 365 374 354 384 391 384 388 374 376 368 411 424 409 397 383 348 360 419 371 397 377 360 384 390 394 390 403 357 399 363 345 350 380 404 365 409 423 379 365 377 385 374 381 413 379 401 387 414 356 366 365 341 363 353 354 402 397 365 385 350 394 382 401 359 360 378 353 407 412 381 382 387 375 401 375 375 347 390 388 343 397 350 408 385 407 389 414 364 405 364 369 430 392 397 417 384 428 367 367 375 376 389 408
394 361 368 395 366 437 364 394 388 398 348 378 399 373 379 402 381 384 407 396 392 422 385 397 382 381 391 373 363 378 363 415 354 374 390 387 385 438 382 356 408 376 401 332 369 385 396 354 366 374 389 370 370 357 364 397 360 385 375 372 383 374 369 417 390 390 381 372 382 411 362 354 374 382 391 373 392 357 398 405 402 364 378 373 381 371 387 367 347 425 363 371 388 398 389 363 365 366 373 383 390 362 402 388 386 367 375 383 385 384 404 379 384 383 383 415 366 403 399 372 391 359 392 363 379 373 379 388
376 415 392 371 380 403 381 398 355 420 366 398 342 415 401 407 409 359 357 387 377 390 346 385 378 369 399 392 419 428 379 359 389 383 373 339 367 342 355 413 403 373 378 379 354 381 392 393 344 344 373 396 418 392 398 384 360 376 373 376 387 376 375 380 390 403 411 395 379 386 391 385 383 363 373 423 385 392 374 417 404 376 378 364 404 384 372 367 411 381 414 384 359 376 361 361 411 380 404 408 354 341 404 369 368 377 341 381 360 377 381 402 368 349 372 388 376 376 359 337 373 414 391 367 386 371 378 393
366 419 403 402 371 388 369 414 393 412 379 423 399 355 380 381 399 378 379 372 358 370 390 366 400 389 403 349 385 402 419 377 391 362 388 376 387 388 383 379 391 361 349 367 392 397 376 384 423 395 389 371 376 388 398 374 404 364 415 369 366 376 386 354 403 364 378 409 372 364 357 384 382 382 412 368 382 391 390 353 415 362 403 400 365 387 394 361 384 406 380 375 398 373 368 400 339 352 410 364 396 383 379 403 359 376 336 377 380 421 386 378 382 388 391 387 368 363 404 406 371 355 406 380 377 381 363 409
347 375 393 388 364 416 352 398 413 389 375 388 384 357 406 402 344 395 351 383 383 396 444 379 411 377 387 373 373 367 365 360 407 421 385 377 395 406 385 358 369 402 363 369 364 393 388 377 405 394 363 382 395 404 375 427 369 382 357 372 354 414 356 387 370 345 390 402 393 393 379 400 405 381 400 367 354 379 433 335 382 403 382 387 364 375 428 386 374 402 385 375 369 351 392 379 392 397 409 377 403 399 367 367 401 403 381 385 379 343 362 373 353 368 358 357 363 394 382 356 374 374 403 389 411 407 388 399
348 353 369 360 409 409 368 370 393 371 416 360 414 395 377 385 365 411 378 392 369 355 387 371 367 367 417 404 357 381 364 355 398 421 421 388 392 395 424 360 371 378 392 374 372 403 399 385 331 384 374 410 397 379 387 382 394 362 401 419 389 384 404 373 364 358 344 384 396 383 409 412 382 344 400 386 374 386 362 355 389 359 386 373 384 361 380 375 373 368 371 401 375 378 374 347 423 353 372 408 384 403 346 398 410 346 330 400 422 423 421 407 373 347 378 370 404 343 367 412 374 407 399 361 398 376 368 385
382 369 419 378 386 348 367 365 408 398 342 404 370 372 344 382 401 404 356 407 408 439 400 379 372 373 407 417 377 384 395 381 371 383 350 364 398 356 399 393 387 434 385 420 402 418 381 385 415 387 371 410 391 378 371 403 394 391 358 383 389 388 398 388 395 372 382 376 352 394 382 385 369 396 391 352 338 369 390 412 412 327 361 405 385 367 377 366 427 370 369 373 374 396 402 370 373 416 370 400 362 387 377 376 387 358 401 402 396 361 361 387 401 352 345 380 370 390 391 381 343 383 368 305 417 370 378 368
410 395 383 369 381 359 366 335 375 388 395 390 373 355 391 390 385 351 399 364 401 422 387 379 415 407 394 385 422 370 388 406 376 418 402 392 338 415 330 376 408 390 377 385 366 378 390 428 384 420 419 356 389 364 369 366 376 349 425 373 409 379 372 390 380 397 376 386 377 392 377 405 395 388 398 356 379 372 423 366 384 393 409 416 400 395 387 389 338 365 382 380 381 357 379 371 393 353 397 361 417 376 391 369 389 375 365 375 372 410 439 433 392 391 378 381 376 372 387 379 391 385 375 402 388 379 380 390
394 426 414 361 373 361 402 373 407 366 402 360 367 382 386 402 350 359 368 401 411 395 459 390 503 441 451 465 415 401 428 402 365 374 387 368 377 377 411 390 362 404 380 398 394 371 358 403 408 389 381 391 378 360 394 414 385 407 388 393 368 395 377 382 368 398 371 427 385 432 385 409 391 376 372 375 425 376 375 389 360 383 398 386 394 389 405 385 399 421 391 372 395 404 361 369 390 371 396 361 367 351 372 378 392 395 391 372 396 389 383 373 372 371 385 399 386 390 390 405 374 410 414 341 419 416 408 408
416 345 405 400 387 367 395 374 384 394 434 365 352 370 395 408 367 384 371 368 437 453 459 501 567 613 594 600 489 463 423 426 420 392 364 362 394 365 385 372 392 356 422 377 382 405 374 401 389 361 386 409 392 345 373 379 349 388 374 348 358 393 391 367 418 387 394 379 426 404 393 377 398 380 425 397 392 358 401 357 377 355 380 398 394 393 380 388 374 362 347 398 392 345 387 368 385 388 416 392 423 385 364 386 383 381 361 397 387 369 374 337 372 375 393 363 414 406 407 367 387 380 368 365 387 361 375 383
366 387 377 376 360 378 364 382 378 350 391 371 407 368 381 350 383 370 379 390 463 500 629 673 794 877 846 777 674 556 463 412 394 357 357 408 409 383 382 415 393 365 368 400 376 377 367 377 378 394 411 381 414 410 364 416 384 368 379 380 385 349 376 359 408 395 380 419 380 369 383 364 383 413 388 398 376 399 400 384 386 389 368 392 378 373 395 361 369 404 361 391 348 379 399 376 380 383 361 373 376 365 390 342 356 362 415 384 370 372 378 389 409 395 371 391 358 420 426 406 369 411 369 403 391 415 376 386
394 423 363 374 343 379 341 384 406 403 371 377 374 363 385 386 370 383 409 442 480 609 796 1018 1211 1300 1293 1154 915 723 582 436 416 371 360 378 375 396 390 391 386 397 408 376 387 384 395 374 425 402 389 372 415 386 370 362 381 385 361 341 398 386 417 365 368 404 360 381 369 386 380 413 370 372 389 392 343 381 339 382 376 374 387 372 395 361 378 383 378 367 380 423 392 394 406 376 364 371 357 370 364 395 357 380 385 366 417 418 360 381 395 395 383 378 382 374 406 385 403 344 357 397 375 384 386 365 368 416
389 380 374 356 397 378 352 385 393 395 362 372 408 383 402 371 376 394 395 455 557 763 1060 1372 1701 1965 1905 1633 1265 939 687 533 398 393 426 378 416 406 402 407 357 387 385 383 405 412 370 390 366 372 378 354 366 365 385 357 372 349 407 411 392 366 390 423 413 356 367 425 394 415 418 394 385 393 359 379 401 402 350 356 387 396 365 394 378 390 347 388 377 368 407 380 379 396 372 371 376 371 398 390 404 383 365 353 393 408 394 403 352 378 385 392 408 368 380 368 420 405 354 423 379 377 364 398 369 369 356 390
340 402 401 382 391 383 343 374 379 400 355 394 390 398 393 400 368 386 430 488 636 959 1321 1848 2307 2645 2512 2126 1696 1149 746 574 466 390 353 369 386 392 391 390 383 390 374 384 378 387 379 368 398 372 388 405 355 405 409 442 385 347 358 383 372 357 380 352 409 358 388 417 375 417 377 388 384 403 364 419 418 365 394 373 353 327 347 411 375 396 386 416 387 403 398 394 384 414 375 370 399 352 370 368 371 381 337 391 385 391 370 390 347 384 372 373 382 369 388 413 391 346 385 402 370 358 422 399 415 399 401 384
357 363 394 345 362 405 398 396 398 393 388 411 360 359 360 347 395 393 416 513 679 1021 1530 2202 2701 3051 2928 2480 1898 1331 872 592 455 440 363 417 370 375 361 347 376 348 399 376 376 381 385 416 404 410 409 353 375 406 392 374 387 375 346 358 375 398 362 415 404 391 387 390 403 396 376 356 378 386 381 389 399 381 356 379 354 430 377 412 362 366 377 361 369 387 392 378 366 366 387 379 384 359 394 379 367 367 372 367 389 408 403 382 370 378 404 394 385 375 426 406 382 400 386 345 389 338 387 391 387 396 405 368
376 387 391 365 376 398 378 424 374 369 386 383 383 397 365 368 377 359 453 522 734 1054 1550 2166 2776 3190 2992 2587 1952 1354 880 573 480 390 383 369 374 369 362 411 424 410 389 388 381 378 431 371 401 393 388 406 369 363 380 360 378 389 379 378 395 400 401 363 395 392 419 382 388 372 405 394 356 378 396 374 421 387 402 411 365 388 375 356 385 387 392 382 381 401 366 391 365 377 393 384 389 376 386 391 401 391 411 392 411 353 374 367 368 386 423 380 390 412 355 370 384 395 380 407 385 382 363 420 368 358 387 388
361 384 378 365 334 401 410 365 380 350 388 364 344 379 373 378 394 388 445 513 637 957 1395 1897 2364 2770 2805 2305 1751 1207 853 605 461 415 387 371 353 399 372 377 354 403 407 359 344 392 410 352 390 407 379 375 376 401 419 337 369 349 418 375 422 399 397 377 378 382 384 365 404 378 374 394 387 369 395 389 378 357 391 393 378 378 372 362 388 373 413 385 368 360 436 350 361 375 418 367 348 390 379 412 360 401 386 378 383 408 391 371 381 350 398 358 412 371 392 418 382 374 376 372 382 405 396 368 380 414 370 369
374 386 393 387 370 350 422 369 349 394 410 374 370 368 369 392 355 343 416 460 590 840 1174 1643 2040 2195 2145 1815 1409 960 692 531 409 413 371 387 402 365 387 393 372 389 391 399 394 371 374 372 352 378 361 427 366 388 385 390 393 378 349 405 384 378 391 391 394 382 396 396 408 385 386 373 379 389 369 410 362 404 375 381 391 382 400 378 401 412 394 409 340 393 395 385 407 365 398 411 426 408 405 376 383 378 380 402 394 407 399 404 422 418 463 453 456 421 391 396 377 397 381 378 378 406 382 376 368 371 381 363
352 411 380 380 367 368 401 393 387 379 382 394 375 397 380 413 421 393 407 435 541 659 855 1215 1459 1605 1547 1312 996 818 624 490 429 377 390 368 399 380 368 382 389 413 377 383 403 367 365 368 367 372 381 408 375 382 377 385 402 384 368 371 383 395 395 411 330 365 372 379 359 388 400 370 389 400 372 398 406 376 397 395 410 400 387 370 388 362 385 361 381 399 385 366 377 380 383 391 396 383 404 398 379 411 368 420 375 398 452 443 499 582 552 598 583 502 457 457 413 393 397 382 370 360 381 357 366 366 371 424
398 390 412 376 401 383 402 375 366 414 383 402 397 387 370 368 363 423 405 422 485 565 683 807 965 1003 1048 904 756 606 473 449 408 364 394 367 403 407 415 397 389 392 392 315 379 357 393 376 409 412 388 401 360 370 385 392 367 364 377 369 394 395 365 398 414 380 365 403 386 360 381 356 385 368 375 379 379 373 376 386 351 416 397 390 434 393 397 334 384 365 386 396 360 360 376 340 378 376 371 407 384 382 365 424 412 367 478 552 690 779 831 811 757 654 543 460 436 384 384 389 410 371 365 407 407 379 382 363
371 358 374 373 384 397 399 391 417 368 361 400 402 385 399 388 379 397 364 427 408 458 492 535 634 656 665 667 553 497 456 436 384 384 373 376 394 373 420 364 401 373 380 393 396 398 363 384 363 366 338 418 341 392 392 391 371 380 347 400 393 380 354 394 389 411 388 319 384 401 407 401 388 375 371 385 383 353 395 414 363 396 344 397 392 414 352 369 339 434 383 366 387 396 364 354 417 384 396 382 378 389 398 410 438 470 570 717 938 1164 1300 1308 1190 947 766 576 483 419 416 387 419 396 345 361 379 360 378 389
375 359 446 382 379 385 412 386 375 381 404 412 356 333 394 385 387 411 383 379 406 439 416 440 480 534 529 484 476 447 426 405 394 363 375 387 406 403 387 371 366 399 380 384 401 365 395 391 361 350 413 387 386 378 378 360 392 384 415 387 367 379 389 377 380 398 383 399 397 375 367 362 424 377 387 365 369 353 363 402 408 355 360 393 387 364 389 374 369 385 370 367 421 375 342 385 408 378 380 390 402 412 400 384 472 523 753 1045 1452 1795 2072 2165 1891 1411 1120 755 531 449 395 380 380 361 367 359 365 371 395 397
347 382 365 413 385 361 413 437 351 353 363 392 403 375 385 383 372 386 434 412 361 426 376 413 389 418 402 422 394 414 411 365 390 391 379 376 378 362 383 393 361 364 344 415 407 379 339 377 385 387 389 375 410 359 381 384 380 392 387 380 329 396 375 386 356 377 387 345 376 374 380 390 410 390 348 381 420 376 373 403 377 383 408 347 354 392 413 416 399 387 434 403 393 348 382 346 383 353 366 376 377 373 384 414 456 652 959 1452 2041 2733 2958 2988 2625 2089 1368 945 623 503 412 428 390 366 405 389 389 357 374 370
341 387 372 382 411 376 357 371 394 368 380 363 348 366 431 414 391 377 406 370 346 387 381 428 360 421 403 392 363 389 374 357 370 368 383 361 382 404 397 410 385 396 393 417 403 380 397 413 383 391 381 320 405 359 361 383 392 399 368 358 388 383 374 406 376 394 402 387 364 384 392 345 428 397 358 369 348 377 366 414 384 391 398 396 402 357 380 389 365 403 416 376 352 380 356 358 394 388 379 392 399 400 402 407 572 782 1181 1769 2550 3430 3909 4025 3377 2620 1798 1146 749 543 426 389 407 405 405 358 387 367 332 384
416 336 349 396 416 391 401 396 350 339 394 409 376 374 369 387 391 417 355 393 426 399 405 381 394 376 379 377 374 398 367 372 374 381 347 343 401 372 408 383 391 380 351 385 360 372 337 418 383 361 419 371 417 410 371 353 391 339 376 382 400 360 372 360 383 404 381 344 362 399 382 401 397 342 364 380 372 387 406 377 399 370 384 398 353 398 379 397 398 368 347 395 370 424 383 376 378 364 368 390 394 422 420 413 548 791 1254 1999 2969 3978 4568 4454 3889 2940 2002 1296 788 525 447 372 386 364 368 370 398 397 365 423
381 356 395 385 380 394 372 374 363 389 376 353 404 391 383 393 395 380 380 354 381 397 367 421 408 397 430 386 404 350 399 367 408 347 376 375 383 384 376 384 388 381 393 376 372 380 394 413 354 370 363 376 378 365 414 380 397 380 387 377 383 391 387 351 367 414 381 390 362 390 382 374 398 383 387 381 396 411 401 390 397 388 374 356 372 420 422 391 364 390 408 367 373 374 409 372 372 377 363 366 399 372 415 442 569 777 1267 1998 2944 3847 4503 4624 3767 2924 1923 1259 749 544 402 378 367 386 389 397 360 386 411 375
410 392 354 398 391 377 350 402 394 352 386 416 367 352 368 424 403 391 380 386 376 428 358 417 383 377 405 394 372 431 428 378 368 383 413 397 396 368 365 386 391 358 408 363 334 371 399 404 376 373 374 370 413 392 354 399 397 367 375 402 382 396 372 396 368 369 373 380 431 401 369 406 378 336 400 377 351 404 386 370 365 406 355 394 372 391 400 395 383 401 399 363 371 385 358 386 395 401 410 384 396 380 373 415 491 739 1103 1725 2530 3296 3747 3802 3330 2602 1742 1133 741 538 424 376 417 380 391 411 369 394 340 395
408 379 398 429 391 383 377 425 404 377 414 357 363 373 357 354 413 358 363 341 347 371 398 385 392 383 395 385 352 367 414 398 376 397 385 376 367 382 409 399 350 404 387 365 405 382 378 421 349 407 390 375 392 391 386 351 390 351 391 374 360 358 396 395 401 364 419 413 361 338 358 390 411 372 409 395 401 353 406 386 386 413 350 377 366 370 363 382 405 396 374 385 386 387 403 404 358 366 405 381 387 389 414 447 473 635 856 1411 1925 2508 2875 2871 2487 1849 1389 946 619 499 429 403 358 391 372 421 397 324 375 365
380 379 388 370 372 364 386 354 367 385 384 356 355 392 377 386 389 348 382 386 379 368 383 398 359 406 380 401 406 381 386 365 388 391 365 370 387 407 384 360 358 361 400 393 390 349 356 359 394 386 393 405 400 370 417 386 370 357 361 360 398 379 375 374 378 394 396 361 394 365 399 431 448 401 346 359 366 371 360 352 365 403 358 385 395 405 389 397 398 402 383 380 386 397 405 403 345 398 360 377 375 365 396 414 428 506 665 1015 1373 1763 1976 1877 1701 1305 981 690 527 498 441 372 375 389 388 411 402 382 326 403
363 377 374 366 384 369 385 356 374 396 351 344 397 378 377 402 421 364 375 366 351 389 412 387 381 370 406 349 366 395 420 375 335 431 391 367 367 387 372 377 379 377 370 364 363 394 369 350 381 369 365 382 366 366 395 381 411 363 347 372 392 377 381 382 389 376 341 396 379 385 384 380 404 387 371 366 376 396 397 394 388 358 418 373 405 399 382 403 388 410 360 376 396 385 391 361 369 375 362 404 405 396 369 372 403 452 534 698 894 1064 1228 1208 1046 932 705 543 432 420 374 377 406 387 385 343 382 375 354 356
372 368 394 364 417 395 377 366 395 401 381 377 378 363 391 442 410 428 373 400 368 390 393 381 398 375 379 401 400 372 385 405 383 397 369 367 372 368 378 408 376 425 394 359 381 387 366 388 370 390 404 376 372 359 360 376 390 407 395 376 386 363 387 348 371 383 393 397 357 395 380 388 386 393 377 374 442 387 399 407 381 407 382 393 383 387 373 346 396 398 373 372 353 400 383 408 331 379 401 390 382 415 418 394 393 429 466 516 624 670 758 744 689 630 519 474 418 380 414 410 376 354 388 391 383 367 371 344
395 359 379 351 354 389 352 386 373 377 351 381 386 399 370 387 380 409 369 390 388 377 390 381 366 385 370 394 393 370 339 376 375 390 387 375 366 387 377 421 382 374 391 389 391 396 369 407 382 408 389 364 368 380 360 403 398 390 364 416 414 399 371 385 408 397 410 377 368 358 397 371 390 408 370 399 348 386 408 398 391 381 389 350 404 384 403 407 405 370 383 394 386 374 384 354 362 417 400 367 379 389 417 360 350 398 412 440 477 531 512 543 500 440 443 429 383 386 414 404 360 398 363 388 398 391 377 390
364 396 363 381 412 360 388 397 376 382 397 379 404 371 427 383 341 372 382 379 418 383 372 366 394 409 392 396 402 390 353 363 402 349 367 395 386 362 376 354 405 319 389 409 413 415 349 373 416 361 364 391 351 383 381 358 361 417 407 349 361 364 392 378 405 377 390 373 359 376 368 375 358 351 380 372 365 360 376 391 354 361 371 414 392 387 376 369 400 397 379 434 365 418 372 396 379 359 367 365 417 407 383 379 397 398 402 396 451 376 453 465 431 423 392 389 375 410 380 394 410 374 392 375 393 411 385 375
408 358 375 377 374 359 392 366 402 369 389 349 340 400 381 356 388 392 392 414 386 421 409 403 380 402 391 373 413 401 376 413 404 413 430 349 366 378 337 367 378 417 377 379 379 345 355 406 367 362 410 382 374 383 382 383 363 390 363 356 367 386 360 351 369 391 404 381 327 414 389 421 390 372 425 409 413 381 369 380 381 373 350 394 377 400 388 400 386 391 417 362 357 373 352 418 392 385 385 356 368 378 385 405 404 384 390 376 382 390 419 427 374 364 373 402 417 356 374 389 401 373 375 364 407 398 373 429
384 372 380 367 378 391 388 388 350 385 378 395 393 386 359 358 399 361 399 408 379 396 378 397 390 385 416 375 347 376 367 352 404 387 390 371 400 378 368 398 350 386 409 397 373 396 394 397 372 390 385 386 425 368 371 386 376 395 383 381 339 375 391 385 390 348 395 395 399 391 391 364 376 390 357 362 382 421 380 367 380 369 386 388 363 369 367 381 391 363 359 366 396 374 397 380 389 380 339 347 403 375 377 385 361 404 393 381 395 395 395 377 402 364 381 396 376 374 417 389 383 371 390 381 378 359 346 352
391 414 377 401 365 385 377 369 385 376 388 409 404 391 396 381 406 367 379 372 372 413 381 407 352 351 398 370 388 373 350 384 357 391 353 409 369 388 366 350 411 401 373 376 391 363 353 373 414 405 390 396 364 397 414 360 351 377 355 376 391 377 367 378 395 405 346 391 395 371 419 401 350 380 374 355 437 386 369 398 374 375 421 351 361 355 402 418 356 358 361 414 344 354 378 386 407 360 385 386 370 388 361 375 368 412 381 398 368 379 377 377 406 368 402 410 367 426 422 360 381 393 396 397 370 403 399 404
420 346 372 351 428 379 369 397 389 377 368 346 404 353 391 376 395 357 370 378 384 360 401 340 397 383 360 372 416 347 413 388 384 405 376 394 410 410 371 397 378 392 385 374 403 377 443 376 386 375 387 403 377 383 417 379 401 381 355 373 377 424 401 375 370 420 378 351 373 350 383 356 413 371 384 379 367 382 364 402 361 364 405 394 369 400 393 391 364 395 384 377 359 378 372 396 366 377 366 407 373 380 407 395 380 364 355 387 400 383 427 408 368 382 374 399 372 414 383 402 401 360 406 387 401 369 364 356
373 383 382 361 403 401 393 385 393 359 405 384 392 428 398 382 381 374 353 366 365 382 371 364 382 324 398 374 335 387 396 408 382 381 413 374 373 367 398 401 407 386 350 380 369 388 399 369 398 391 366 408 387 378 356 384 377 346 382 384 383 395 415 382 385 378 359 376 379 373 400 405 392 389 343 397 397 357 367 396 392 403 387 359 402 383 387 370 387 377 361 385 358 398 418 367 392 346 356 410 380 367 388 380 365 387 362 408 401 407 355 362 389 403 409 389 357 381 404 387 404 397 378 410 374 402 415 345
399 363 389 374 382 383 373 374 366 375 395 380 375 360 348 418 396 388 355 389 393 388 368 358 403 404 379 365 385 368 383 371 412 388 358 381 383 331 390 380 361 409 375 374 389 381 388 384 364 391 359 372 392 434 393 431 401 437 384 357 401 370 399 402 381 377 371 380 379 386 383 356 404 384 381 349 347 393 373 354 359 376 389 359 384 407 357 405 373 397 372 378 345 381 393 388 375 372 360 400 391 374 378 401 392 386 373 356 333 382 407 393 380 359 383 394 406 412 369 363 403 388 378 412 417 374 420 408
380 382 384 366 386 355 369 363 372 396 406 349 417 424 373 361 394 356 352 368 405 376 356 401 391 368 368 348 387 350 364 398 367 383 375 366 393 356 402 370 355 430 401 361 344 423 383 380 383 420 394 396 358 390 388 384 379 397 378 362 353 415 394 371 369 356 374 379 371 383 392 369 375 369 362 351 376 406 357 389 365 382 390 391 377 380 356 383 387 415 368 364 406 381 372 375 358 390 371 395 351 395 389 414 389 365 383 394 385 376 380 395 362 372 375 395 394 365 394 396 360 370 373 351 386 410 394 388
390 370 385 355 354 406 375 388 395 389 370 404 383 355 393 366 413 398 375 358 360 372 388 383 378 360 426 373 367 377 375 389 380 390 348 375 394 355 411 381 385 372 363 389 403 413 390 366 371 394 391 407 415 411 408 390 364 350 365 349 381 357 410 370 364 373 392 414 393 393 377 358 401 370 346 365 372 394 354 390 384 385 344 385 377 361 348 359 398 357 399 398 388 390 392 377 370 368 392 409 392 374 399 373 381 386 376 383 350 380 371 397 378 375 407 388 408 340 397 396 366 398 365 372 361 379 339 377
391 403 413 421 397 383 378 393 367 381 389 374 371 381 369 392 399 419 358 409 400 405 345 364 408 412 404 386 386 383 377 382 409 378 402 414 375 381 383 406 413 394 410 365 382 426 370 366 386 371 399 390 348 378 379 361 379 399 364 341 378 388 370 381 377 375 369 375 384 386 379 368 383 389 390 368 366 374 365 434 349 392 386 413 354 382 363 383 383 409 368 406 380 402 355 376 424 358 391 414 370 374 373 392 400 374 396 371 388 372 382 371 373 387 388 381 422 368 368 350 394 388 365 426 386 397 421 361
377 363 379 387 397 367 376 381 366 383 403 380 350 415 399 361 394 367 387 357 378 399 417 407 366 402 380 367 344 358 415 395 373 371 393 408 414 378 378 372 390 367 358 401 395 396 384 385 376 372 410 359 365 354 391 364 349 434 375 407 372 373 390 361 375 405 362 381 372 386 383 411 394 386 397 386 363 389 374 398 413 369 368 386 357 378 392 369 360 374 393 374 396 387 382 410 328 350 383 373 384 381 348 384 392 366 388 379 340 413 381 367 366 384 385 378 383 394 397 379 338 374 357 419 403 366 408 368
350 383 406 393 424 373 396 417 350 357 382 389 378 384 386 379 364 370 396 389 375 381 349 374 357 387 376 409 342 376 404 387 398 378 368 379 434 374 372 369 369 391 397 361 397 405 404 374 384 383 375 381 387 398 380 363 410 388 394 388 382 396 402 365 382 371 356 385 375 356 389 401 394 421 417 375 394 426 400 410 394 355 372 399 365 375 387 359 360 379 373 390 383 354 376 375 372 370 377 378 395 384 381 399 389 386 389 339 389 360 408 372 368 386 410 380 384 366 397 405 395 396 382 384 424 410 382 390
351 387 356 372 378 391 376 380 397 365 392 397 383 426 385 348 381 376 392 431 397 383 400 381 372 388 378 378 388 414 389 389 403 379 404 364 366 370 382 369 375 379 384 403 369 361 372 379 380 383 391 388 369 372 371 369 397 373 352 373 386 417 383 376 380 369 396 385 382 371 384 389 356 395 400 396 390 357 358 414 351 395 354 406 377 357 377 414 396 356 367 429 373 379 401 384 375 377 395 400 391 372 362 382 436 357 376 370 399 352 397 378 396 376 354 361 420 382 352 392 368 380 391 383 415 406 399 357
407 404 358 330 370 390 378 407 367 388 395 418 385 364 396 375 362 393 397 391 347 377 378 411 384 360 413 384 372 407 393 341 406 387 414 384 405 405 395 339 365 373 373 354 349 416 400 397 395 377 418 403 395 375 404 376 394 392 381 379 389 404 373 375 391 391 417 380 384 364 351 363 369 388 397 361 416 419 352 372 383 355 384 343 369 420 378 340 377 373 372 393 425 414 383 397 390 377 371 366 352 406 386 371 388 390 367 370 405 358 365 388 373 381 375 356 419 406 389 345 365 387 377 403 394 348 374 407
386 385 351 365 396 397 342 377 399 419 365 432 383 391 397 390 366 365 403 386 397 403 400 376 350 371 395 385 358 340 386 366 411 345 359 368 372 383 381 392 388 383 387 362 418 387 384 430 401 407 389 406 380 361 420 389 381 357 359 370 361 358 421 381 346 399 400 404 399 375 405 370 386 368 393 398 405 374 393 377 399 367 367 399 384 386 377 400 391 445 404 389 396 358 374 394 349 380 427 393 381 371 365 379 360 389 370 369 353 380 375 368 377 406 409 404 398 361 383 403 379 366 371 410 360 393 389 384
404 354 366 402 406 409 357 361 367 350 380 408 399 359 402 370 355 378 407 366 389 427 377 371 393 392 380 370 350 364 391 376 381 423 364 408 374 381 382 409 423 358 399 368 399 364 362 384 354 391 375 399 383 413 390 383 393 379 384 381 367 402 362 378 397 387 389 400 390 390 384 376 387 362 383 373 374 375 369 391 370 408 379 390 364 421 386 379 375 395 359 407 377 362 363 384 376 343 385 373 401 392 371 373 388 364 375 341 391 360 365 389 380 387 422 390 407 375 391 377 400 392 391 391 352 353 357 395
392 393 411 378 392 362 353 365 410 359 385 411 383 382 389 381 387 376 402 371 396 379 351 385 381 376 407 373 392 354 375 388 361 377 382 386 390 403 399 390 376 408 380 389 382 365 385 403 386 363 446 352 374 394 356 383 401 357 418 374 389 399 409 375 410 373 361 385 386 364 373 394 381 396 398 386 392 367 394 374 425 362 373 383 375 375 381 389 389 398 392 417 390 365 387 389 390 405 362 374 378 378 384 375 392 401 390 386 378 340 392 388 428 371 386 356 381 367 359 408 365 361 396 432 371 337 376 371
408 406 395 370 352 414 378 407 367 404 362 380 409 391 400 391 398 386 405 376 382 363 377 370 392 373 407 375 359 402 350 378 383 365 423 378 405 368 398 411 391 369 363 385 403 387 390 355 365 411 393 416 380 394 367 370 362 380 367 376 397 386 348 381 351 369 382 385 401 362 403 390 386 401 387 366 405 385 409 427 401 401 365 374 401 397 366 384 381 395 378 355 389 384 353 365 367 396 388 352 355 365 373 377 412 382 402 384 379 409 381 368 361 406 364 367 392 388 401 348 370 384 344 386 389 423 401 415
384 332 386 386 394 380 347 366 348 368 435 417 371 378 383 372 371 387 392 422 380 407 367 366 395 371 419 395 392 398 378 375 386 387 362 404 405 367 395 388 383 375 377 385 394 376 360 357 370 404 362 407 373 393 381 406 384 421 429 478 415 424 411 416 448 395 390 392 382 384 403 420 382 368 378 384 389 371 366 382 411 417 415 381 380 399 389 401 372 386 375 385 370 363 412 398 400 379 395 356 383 360 394 376 393 373 374 355 401 386 368 370 391 405 394 367 381 346 406 374 396 346 407 391 374 409 364 417
400 376 369 356 378 368 378 379 352 400 344 385 358 348 418 352 393 388 374 401 377 397 403 412 376 387 399 386 394 405 389 381 356 387 401 380 357 392 371 400 370 399 399 375 365 380 378 369 372 389 362 404 406 381 398 395 377 383 461 469 423 449 495 427 392 430 372 394 345 408 368 366 393 371 356 398 405 426 362 334 396 348 412 399 386 412 377 337 393 351 390 383 359 398 380 366 354 381 406 379 388 386 340 368 386 400 412 359 386 389 396 377 351 387 380 369 399 383 401 395 399 368 377 374 380 389 385 389
362 399 378 346 391 389 377 396 369 406 379 365 386 436 362 396 381 403 394 374 368 365 395 395 375 434 361 419 396 384 383 378 370 382 382 390 396 366 372 364 381 393 393 380 359 369 387 361 380 411 375 382 353 378 407 396 428 490 476 553 604 596 565 511 461 444 415 377 342 384 366 377 413 364 376 394 382 365 369 401 373 388 408 364 389 378 401 411 411 364 387 379 403 376 419 384 384 421 380 375 374 377 358 390 375 363 417 388 402 382 400 380 379 372 378 357 388 373 398 410 370 405 344 360 404 369 398 380
366 386 391 375 364 390 370 376 343 370 364 393 376 363 332 366 356 370 383 389 383 419 400 371 397 358 397 375 349 415 382 391 388 414 371 350 365 389 390 364 384 422 383 389 412 387 383 426 394 428 374 378 408 392 407 411 458 541 659 722 710 772 733 609 526 435 411 343 395 356 367 391 358 373 400 382 368 407 378 345 375 339 359 382 402 356 395 383 357 375 381 394 394 382 390 372 344 363 397 370 377 391 386 372 403 417 380 378 387 411 380 384 353 403 363 397 366 361 359 356 398 373 381 395 386 373 389 400
378 338 372 391 398 340 397 391 371 396 359 378 359 364 408 414 412 349 354 385 398 365 368 388 390 380 379 360 390 381 386 391 445 371 337 385 374 402 382 358 370 390 368 399 374 377 389 372 406 393 401 406 409 381 437 416 504 621 736 874 988 956 942 805 646 532 440 431 369 389 363 394 376 374 381 373 383 423 367 399 398 397 363 383 377 398 366 383 391 358 370 381 386 401 412 383 367 341 373 366 387 385 393 367 366 399 422 379 360 374 344 370 381 404 394 366 380 365 375 400 392 373 386 355 366 384 380 411
405 385 389 364 395 352 368 389 385 396 373 353 381 396 432 371 383 386 382 376 411 443 401 375 408 393 330 402 399 423 352 405 349 391 409 351 379 367 398 402 360 384 378 374 349 368 375 390 392 386 379 379 400 386 415 463 546 672 877 1082 1181 1218 1117 940 743 561 436 423 369 377 365 374 379 376 398 388 391 405 377 378 362 393 391 342 377 400 364 368 364 351 372 374 387 386 365 372 373 381 405 401 364 417 356 405 362 397 403 379 399 367 408 415 359 373 373 394 385 372 363 389 364 378 377 388 375 373 393 399
366 408 383 351 377 369 411 372 399 372 420 406 399 371 378 379 383 378 330 417 383 396 388 400 386 381 387 408 392 338 396 402 382 370 382 392 396 378 393 390 383 375 386 382 416 388 379 375 410 405 396 415 388 398 420 445 571 752 979 1241 1316 1384 1191 1003 841 610 457 440 394 366 373 323 376 370 384 389 393 409 361 379 351 394 387 406 375 359 358 401 363 401 395 352 352 371 379 374 373 381 411 412 385 401 376 361 393 391 389 357 378 378 387 339 413 384 420 383 382 413 365 368 378 364 388 364 354 412 376 357
408 387 401 359 410 379 363 390 369 371 359 363 376 366 408 391 385 394 390 360 359 362 403 395 375 387 391 360 390 379 367 402 375 342 366 382 387 378 383 389 388 391 363 362 394 413 380 373 391 402 362 413 352 386 440 477 572 726 942 1198 1288 1352 1311 1092 909 676 507 423 405 377 393 390 412 400 384 396 393 348 405 409 397 415 376 388 397 370 364 371 359 367 381 350 447 395 383 434 387 399 399 385 363 342 384 406 354 381 367 365 365 380 374 401 384 363 410 396 359 352 381 348 367 389 379 380 394 376 387 374
355 371 381 357 383 360 346 402 373 388 404 386 409 390 404 397 415 400 431 380 418 411 390 370 371 384 374 397 397 364 338 431 366 419 357 392 361 357 394 401 393 357 326 369 395 412 413 406 346 393 371 362 409 392 413 497 521 703 915 1065 1280 1341 1316 1143 955 761 646 541 478 394 365 397 371 369 377 341 365 382 387 340 407 376 428 388 402 395 325 365 383 411 393 372 388 384 384 417 357 387 394 352 396 390 417 368 388 406 348 413 358 395 402 374 326 410 396 377 386 377 386 398 396 359 396 385 346 403 382 444
377 352 370 363 354 376 408 401 351 363 374 397 415 414 387 397 374 386 392 379 375 402 391 369 359 377 386 344 358 340 376 372 394 394 372 369 327 395 372 392 416 370 362 416 381 368 370 419 386 388 381 379 382 388 411 419 505 597 767 942 1179 1250 1285 1269 1132 954 727 579 498 467 408 396 398 377 371 363 405 398 406 337 410 394 394 393 389 342 402 370 390 395 383 335 376 358 367 364 350 373 377 344 347 391 361 356 401 373 394 369 419 378 412 385 345 357 405 409 358 420 388 406 366 410 385 391 384 380 356 389
370 368 402 355 375 359 365 424 385 369 366 383 375 389 408 389 356 402 374 366 383 373 400 370 361 387 396 384 394 368 381 376 341 396 366 379 407 418 404 390 407 375 388 386 396 432 400 387 358 354 353 361 378 374 390 411 477 532 703 894 1054 1231 1390 1408 1335 1141 921 712 584 469 421 399 401 363 356 395 419 354 388 393 389 389 373 404 394 386 405 384 399 385 378 366 354 390 402 369 385 380 390 375 395 382 376 396 409 391 387 402 393 391 376 355 387 338 348 382 395 377 359 373 399 396 375 381 366 390 386 373
398 402 341 355 388 395 382 380 382 402 383 351 385 386 388 392 374 393 363 387 375 396 397 370 419 396 378 401 336 360 401 365 375 397 352 369 369 352 365 371 392 412 399 408 393 388 377 366 401 375 358 390 342 396 393 374 440 487 603 830 1009 1283 1473 1566 1578 1412 1065 843 656 508 435 386 399 365 410 378 367 395 367 367 354 377 351 406 401 399 393 398 401 366 369 383 403 363 421 427 373 353 406 408 382 378 354 396 386 390 360 365 389 402 392 354 386 396 373 382 404 360 356 395 385 397 357 372 353 394 393 411
359 372 343 393 366 338 365 402 363 429 369 362 369 364 368 383 385 366 370 350 413 402 367 417 389 380 367 400 360 362 405 371 368 377 349 363 375 359 371 352 354 348 411 373 353 343 356 381 387 391 373 355 386 409 363 384 379 433 564 754 984 1314 1546 1794 1697 1446 1262 903 655 503 418 413 368 378 414 391 385 392 414 386 399 360 391 377 404 380 370 385 391 391 396 413 390 369 310 365 382 348 391 406 401 369 399 389 355 360 368 415 407 408 365 418 405 396 379 364 379 387 395 377 399 436 390 367 392 353 380 367
382 363 365 384 389 391 378 347 371 350 398 401 350 355 386 360 372 377 340 355 358 397 374 387 387 370 384 373 389 372 380 387 388 374 369 404 410 380 393 379 406 381 381 371 383 426 389 372 349 404 366 381 379 361 360 412 378 414 571 730 942 1257 1501 1703 1611 1531 1243 891 628 510 448 389 373 402 414 355 393 403 375 362 382 372 367 389 354 388 389 388 402 360 359 365 404 405 358 358 335 366 379 391 382 365 386 370 337 378 359 398 380 388 379 409 382 377 381 349 399 362 385 383 401 412 382 396 408 384 403 387
371 361 376 372 366 376 348 374 389 423 428 386 348 401 405 379 366 409 349 318 378 380 402 397 400 372 383 392 387 379 362 364 406 378 393 354 358 386 386 383 376 364 351 389 411 394 393 376 338 397 381 373 377 395 371 376 405 442 475 645 858 1070 1406 1506 1529 1386 1105 808 576 483 431 356 422 395 389 369 369 394 381 414 382 382 375 375 350 355 369 385 368 368 362 400 383 375 400 378 378 387 345 367 392 373 367 357 389 418 359 377 403 417 415 364 411 376 366 362 397 415 380 347 365 377 387 365 380 371 382 389
383 368 370 388 367 344 372 376 384 377 420 381 342 371 371 364 358 369 375 388 394 395 374 373 346 371 393 336 374 355 402 354 399 384 366 368 400 403 381 367 361 368 403 412 392 383 347 395 362 395 431 387 397 362 379 374 387 398 474 531 702 878 1109 1223 1250 1096 889 732 572 468 442 409 407 366 401 402 377 372 356 390 410 366 361 380 388 417 363 400 406 396 389 426 366 384 380 374 377 371 404 414 391 379 384 436 407 385 368 366 418 356 398 402 374 349 347 375 364 370 370 382 387 330 394 389 381 364 394 396
386 363 376 379 362 373 390 392 371 410 385 397 416 363 383 385 363 393 365 403 410 391 381 364 370 385 335 413 403 358 387 393 352 391 360 359 346 428 381 383 403 380 392 388 358 392 367 370 383 385 421 362 384 350 377 364 366 377 446 517 589 688 885 912 846 806 670 608 537 446 389 385 354 375 376 363 365 358 437 387 372 383 380 346 375 388 397 375 362 404 370 392 380 423 377 350 382 362 398 418 400 364 392 421 379 404 375 369 360 383 393 386 382 391 375 413 364 399 349 361 401 433 415 414 347 351 374 386
377 447 365 390 380 332 406 382 398 355 385 366 390 404 373 391 396 377 401 367 333 398 374 395 352 384 361 403 373 393 377 401 373 365 353 375 363 339 396 374 331 414 360 413 400 363 376 405 352 399 393 397 384 373 394 374 395 397 413 450 532 536 616 693 612 609 514 462 452 390 374 393 368 376 382 377 392 360 383 379 406 377 447 420 385 381 358 366 393 376 422 403 370 408 386 392 366 397 401 390 395 385 385 371 379 390 405 377 364 380 381 382 385 355 328 388 412 375 342 357 354 386 383 435 404 379 380 410
364 404 373 366 378 365 414 426 403 360 403 393 370 392 395 366 372 361 378 377 357 362 370 382 357 387 378 378 431 391 392 391 381 358 364 380 395 423 389 392 394 390 390 388 407 406 396 375 339 378 390 414 396 404 378 369 358 391 445 413 430 455 530 493 543 514 481 383 428 392 389 386 361 343 375 358 392 372 358 364 374 378 402 378 379 363 382 377 411 409 347 380 387 387 384 386 354 395 380 409 372 409 402 420 385 423 376 386 379 352 400 401 386 379 365 391 395 342 388 362 373 403 360 378 363 374 390 386
320 398 381 367 378 389 365 371 351 425 373 394 406 366 387 393 385 380 359 402 369 419 428 416 404 384 380 403 360 359 365 386 372 368 396 398 346 371 373 398 386 383 371 369 390 366 375 387 399 394 349 362 385 379 384 356 363 376 380 376 403 439 431 481 414 431 411 411 392 420 376 398 375 389 339 403 393 390 369 377 359 382 393 374 387 404 374 399 378 377 370 388 340 422 369 377 402 357 399 380 388 374 383 369 358 392 393 350 373 384 406 384 361 383 353 398 382 393 360 403 376 401 399 363 389 378 371 352
376 398 418 393 343 390 354 380 366 358 383 408 392 398 388 368 400 394 382 389 360 378 391 373 349 339 387 414 393 369 419 410 407 389 335 364 377 366 364 393 410 347 395 398 351 400 420 397 376 370 392 391 357 364 399 407 398 395 344 388 397 420 405 410 377 388 388 416 399 384 372 412 394 401 398 394 374 390 382 394 399 369 384 414 389 398 386 354 393 409 391 399 417 366 385 361 338 368 430 375 389 355 428 366 364 399 389 388 380 388 387 387 386 356 370 409 397 410 386 397 430 389 389 376 387 363 383 403
396 408 372 358 384 385 419 397 353 383 409 395 372 371 397 384 365 391 382 369 397 384 409 388 375 354 369 383 380 327 384 373 382 387 349 391 406 378 389 393 399 418 369 373 383 410 355 365 344 416 380 409 406 420 375 392 389 400 372 362 392 401 368 398 364 388 383 389 403 393 351 373 383 392 382 434 377 392 382 366 398 379 393 400 394 387 396 381 390 402 359 407 379 386 396 406 400 366 389 373 382 388 362 413 414 348 367 384 374 384 388 362 368 381 383 326 365 370 381 364 377 386 380 372 405 360 366 363
361 385 349 362 328 398 386 393 361 364 382 360 400 368 378 362 407 411 360 414 400 393 383 394 369 420 393 387 386 402 376 398 385 361 407 400 439 408 398 392 423 421 334 409 388 415 418 358 353 431 393 385 388 384 356 373 388 391 368 387 383 409 338 385 389 365 388 380 395 346 369 397 383 376 400 389 365 380 389 391 361 405 391 366 403 368 406 366 354 374 373 362 335 369 381 405 399 417 398 386 430 386 342 380 404 397 365 384 374 376 400 356 366 398 370 410 394 361 379 409 366 374 365 374 380 420 386 343
366 412 426 378 353 371 405 388 374 388 394 354 362 381 418 375 372 388 389 376 389 391 379 427 442 377 387 375 370 383 391 375 428 376 432 421 472 501 499 489 454 404 414 359 360 348 370 387 364 382 413 359 401 396 373 403 349 376 372 401 347 380 373 406 380 379 353 383 373 363 395 407 365 426 385 437 383 398 394 380 357 382 368 398 362 407 435 360 404 399 404 374 362 367 373 370 356 399 357 381 395 359 376 368 364 377 401 400 374 386 375 374 382 378 364 392 350 370 372 387 384 381 371 407 390 416 361 384
356 391 363 347 411 358 396 343 357 406 367 373 364 384 396 379 359 370 384 370 386 389 381 386 380 360 416 397 379 417 370 409 396 426 506 570 550 620 636 577 583 467 439 390 411 421 359 370 382 386 352 403 393 381 394 371 404 348 376 412 392 373 398 365 353 363 347 374 373 360 350 374 395 410 379 394 345 391 388 364 356 356 410 349 396 416 398 357 365 413 394 362 372 410 379 390 375 382 403 366 420 405 359 384 371 383 368 400 384 401 372 406 374 387 397 387 387 376 379 382 373 390 380 352 397 374 350 399
408 356 422 388 396 419 418 387 368 380 401 365 409 384 376 407 351 381 392 384 382 412 388 372 344 369 366 384 403 365 377 387 441 507 587 730 810 892 904 838 670 616 519 421 414 389 389 400 391 388 397 376 386 377 355 373 363 403 409 408 415 368 398 381 399 359 380 340 372 400 382 383 440 372 365 412 401 333 382 404 355 402 351 356 393 370 389 367 353 380 426 368 369 400 393 401 365 397 379 360 381 410 398 421 383 369 371 350 380 404 374 417 384 390 370 397 380 450 371 398 375 383 343 413 352 378 389 365
353 390 408 372 383 385 371 381 337 371 388 382 415 371 418 353 390 384 383 382 385 443 414 366 368 331 395 371 359 387 392 424 470 615 750 1008 1232 1264 1291 1176 901 741 546 490 441 418 398 395 356 388 388 392 378 397 427 363 360 363 391 383 368 367 375 403 370 422 383 397 373 372 371 383 400 381 361 397 365 397 391 367 347 397 361 393 373 391 360 373 399 371 379 382 343 397 369 388 407 381 400 330 369 429 367 410 407 387 384 380 403 350 383 369 405 363 401 427 381 383 369 399 401 376 360 387 409 386 421 372
414 404 392 393 414 380 410 383 403 392 397 401 377 384 386 355 418 389 398 374 378 401 373 407 359 403 386 357 385 359 436 472 558 729 977 1207 1591 1810 1817 1628 1312 948 702 486 432 409 366 384 382 350 386 390 377 361 348 395 378 369 383 372 376 390 399 368 384 393 400 375 396 379 375 386 390 442 394 346 378 372 397 426 378 351 376 384 388 425 388 379 384 377 390 377 379 364 412 339 393 360 360 381 369 388 374 351 376 338 346 397 380 383 385 385 394 436 355 352 387 351 391 380 399 387 405 361 365 407 387 381
431 381 363 379 369 381 337 399 361 357 399 410 383 371 390 363 365 406 389 384 387 372 384 395 395 347 379 380 375 404 438 446 510 747 1138 1594 2008 2220 2252 1954 1566 1132 787 577 446 391 388 346 366 402 398 358 353 382 379 391 353 375 340 377 364 353 384 406 373 426 381 390 377 394 419 420 347 388 382 346 402 386 395 403 361 371 377 393 368 375 429 377 394 384 434 379 386 386 371 369 377 385 358 406 394 373 411 372 372 365 377 406 363 372 377 363 368 390 372 381 377 359 368 366 350 331 392 379 365 370 388 380
353 384 388 372 373 343 362 364 413 382 390 389 414 363 381 410 406 361 374 389 352 383 365 400 401 361 355 422 364 464 387 477 615 836 1189 1702 2245 2560 2486 2176 1675 1188 808 615 459 414 409 387 377 381 371 355 389 362 381 368 353 365 364 384 411 370 404 415 381 376 371 368 371 340 361 373 355 380 400 369 345 355 411 363 352 353 391 374 389 348 378 358 379 339 380 388 394 373 373 365 398 374 383 400 385 412 397 343 394 365 400 425 408 410 410 363 382 392 398 357 360 395 387 399 396 370 379 371 402 369 365 404
397 394 399 417 360 386 383 354 396 376 384 347 371 376 374 352 390 377 365 350 355 401 361 349 403 415 391 380 359 405 399 491 542 852 1192 1635 2182 2457 2472 2180 1690 1158 796 621 446 402 405 399 366 383 384 387 379 376 365 384 385 349 400 393 364 402 405 350 358 343 377 388 385 378 373 364 367 363 383 398 374 369 407 382 384 381 346 387 378 408 342 388 375 357 373 396 411 376 396 397 413 364 383 388 343 390 381 408 388 381 390 388 405 407 353 381 397 400 350 377 372 408 393 381 366 396 348 399 365 404 374 338
368 386 408 340 375 334 366 356 391 415 374 350 383 407 360 361 394 373 383 390 354 387 388 398 361 347 383 390 400 410 391 442 517 748 1097 1400 1772 2122 2081 1807 1475 1017 751 581 469 438 376 400 402 384 374 388 392 403 387 372 368 396 423 380 376 389 368 382 366 417 385 394 412 375 364 343 362 365 375 356 358 351 394 424 368 417 387 371 381 404 374 400 381 377 383 386 400 393 351 373 389 372 367 372 362 373 407 343 381 384 368 384 371 349 385 388 388 399 372 383 376 364 353 376 361 368 378 412 371 396 421 368
349 388 338 361 386 376 410 412 430 400 393 350 357 375 378 388 366 408 375 373 391 338 376 371 361 353 400 362 391 366 360 429 522 615 853 1150 1356 1642 1620 1420 1115 844 627 536 434 406 406 356 399 364 377 379 400 375 372 387 361 359 392 363 365 374 381 370 378 397 374 367 409 378 375 383 388 349 375 363 345 397 395 369 363 385 363 393 371 380 370 360 386 341 370 415 409 372 400 409 376 398 387 418 367 392 385 377 442 374 354 383 384 379 356 372 410 350 395 327 376 349 374 385 417 384 358 362 416 356 424 344
387 408 378 349 393 367 375 374 386 372 388 410 354 388 389 405 387 373 391 391 380 390 374 374 371 344 358 366 376 369 376 398 485 518 711 819 1020 1068 1146 1051 820 683 561 440 419 404 389 378 410 404 411 355 349 396 366 412 378 383 404 381 373 377 376 359 392 378 423 359 368 371 387 364 384 354 364 346 388 393 378 382 373 400 378 385 366 365 380 366 371 387 371 388 368 390 428 391 360 410 388 377 434 354 393 330 398 393 399 367 401 405 394 368 377 347 375 361 381 418 373 405 393 386 361 387 398 369 407 367
392 403 378 374 363 383 376 374 355 365 390 406 373 377 404 358 360 387 390 386 408 363 414 386 340 361 401 380 362 390 363 380 439 458 517 589 710 806 769 731 581 528 490 418 399 394 373 403 368 360 356 359 386 373 377 374 382 381 418 366 371 396 387 357 379 352 386 397 379 392 347 386 390 358 378 411 415 405 382 374 403 407 386 403 347 381 403 384 346 390 360 351 365 381 358 380 391 404 391 374 397 360 387 393 387 365 377 381 417 386 412 378 378 394 351 378 377 375 364 383 388 351 387 368 383 374 421 374
377 381 362 366 364 375 380 395 434 383 408 385 382 403 379 395 375 374 379 383 359 393 396 359 432 381 367 387 360 369 380 390 412 387 465 493 540 562 524 531 501 468 397 380 406 409 378 367 367 389 404 398 396 371 390 384 364 377 405 389 414 389 369 398 375 371 381 344 372 383 363 391 407 400 352 383 416 420 395 373 362 380 379 381 388 343 395 369 368 380 394 378 384 395 387 382 339 426 393 415 376 417 352 384 346 389 407 368 363 400 412 397 384 350 407 339 418 380 359 392 392 400 389 379 385 395 385 391
389 367 379 387 388 375 374 369 388 374 358 387 408 374 396 385 381 358 392 387 364 414 381 396 365 352 412 379 351 381 420 396 379 386 398 436 406 460 455 416 430 385 395 386 384 411 399 419 378 389 374 399 371 366 370 394 397 370 424 405 433 415 426 392 359 366 359 359 394 409 376 391 396 374 361 381 363 358 380 318 386 387 411 369 354 360 367 377 376 365 400 374 405 402 406 350 363 403 358 382 349 380 356 346 394 377 366 361 379 407 372 367 395 360 366 375 380 408 358 361 404 361 390 345 378 372 410 381
379 362 372 380 396 378 381 361 370 423 367 390 360 369 403 362 366 361 389 371 367 387 418 396 368 384 352 373 399 373 409 412 391 393 392 388 352 397 390 369 399 403 339 408 384 367 365 396 345 353 364 377 378 393 378 379 392 342 420 396 362 378 387 374 393 366 398 394 373 414 382 404 394 401 358 375 380 393 368 352 399 404 364 376 416 372 358 389 373 381 370 358 321 382 377 353 369 382 402 393 383 394 376 391 358 366 377 371 370 366 402 390 361 395 374 422 364 364 378 390 405 386 368 386 391 405 390 372
426 375 392 362 346 385 358 359 387 400 370 370 383 418 388 413 390 390 366 367 381 384 385 399 413 408 391 434 373 370 370 379 379 386 390 397 391 415 370 368 386 405 367 403 358 392 391 383 377 403 357 376 365 397 380 371 383 345 379 361 382 363 396 408 398 362 376 399 401 362 375 419 386 368 378 374 390 361 405 391 378 403 378 379 377 380 375 369 350 371 355 374 364 401 428 390 403 363 375 381 386 405 367 390 383 392 387 378 341 372 385 398 373 376 366 376 438 339 368 385 372 370 380 406 369 384 377 380
401 386 423 367 393 420 389 369 379 366 364 372 413 419 384 378 406 409 414 391 392 400 398 371 372 351 387 406 445 387 375 383 387 385 366 404 386 402 392 399 399 416 368 406 378 384 361 377 376 364 378 399 406 376 372 433 391 402 414 369 374 367 369 367 351 392 392 420 427 343 374 375 348 384 372 386 403 345 413 350 374 411 380 368 430 417 356 358 409 382 356 398 388 360 366 345 393 371 394 388 422 380 413 368 378 377 436 379 394 411 422 384 382 378 429 430 408 407 393 377 391 391 422 381 378 365 384 384
359 380 376 387 405 407 393 369 388 375 408 397 369 412 380 397 412 372 389 336 390 356 417 359 353 396 409 369 359 377 405 365 406 413 391 383 390 381 391 354 391 404 367 411 383 385 367 344 349 368 397 390 395 425 378 359 399 396 395 379 381 360 353 384 394 370 386 386 366 402 399 371 380 399 392 374 384 394 371 440 358 406 358 374 359 389 378 378 356 391 388 395 372 390 397 398 423 399 376 382 382 387 383 390 405 383 412 407 356 387 390 341 363 422 375 382 350 375 375 395 424 334 415 371 356 375 413 376
379 356 368 387 376 385 380 407 386 394 396 370 407 381 383 383 425 382 385 410 386 354 372 384 385 403 369 403 384 357 397 401 386 366 396 363 377 390 401 342 387 357 365 349 402 370 363 405 400 365 366 368 349 398 388 412 413 405 384 369 379 408 416 397 402 396 377 387 407 365 391 404 377 373 377 398 350 360 348 395 381 353 397 329 362 385 390 403 377 391 341 388 393 378 366 383 374 402 400 401 360 373 366 363 372 380 384 370 402 390 395 377 389 359 417 359 385 384 430 364 385 373 390 391 348 401 362 388
369 366 368 375 364 340 377 415 401 359 355 384 384 403 415 360 406 371 411 378 383 383 419 377 351 355 396 372 356 375 361 411 353 391 412 394 389 396 367 376 347 424 384 372 402 377 348 400 323 373 388 399 384 349 406 394 381 365 395 395 381 410 363 399 390 388 382 382 384 400 386 363 369 405 402 375 391 389 383 333 392 386 390 374 352 378 365 379 360 414 392 414 361 379 379 383 367 392 386 393 398 399 360 374 401 362 393 380 390 411 385 379 364 358 375 413 385 378 367 400 375 376 350 406 356 375 409 410
384 414 388 410 386 403 393 361 407 396 366 382 388 356 367 363 391 380 380 402 402 368 396 391 383 378 375 373 335 359 394 347 363 383 396 432 386 397 363 430 386 382 390 351 380 372 400 386 394 373 401 397 390 375 413 385 384 384 353 408 384 377 395 396 419 370 411 357 379 396 394 395 367 381 397 406 365 381 398 363 388 377 394 380 393 384 372 417 376 389 396 369 382 388 348 419 390 404 389 338 421 357 395 374 387 365 367 379 361 399 380 397 366 416 341 376 387 389 385 378 388 401 374 360 361 382 343 432
383 361 353 399 370 373 422 388 374 377 368 388 374 342 372 396 388 350 368 377 370 377 401 384 364 374 384 348 399 400 377 385 361 371 383 371 425 381 386 370 361 379 391 394 381 372 374 386 381 359 343 363 371 384 408 395 348 371 389 395 390 403 425 359 369 381 414 386 386 382 386 388 399 400 372 392 399 372 379 367 348 380 369 383 376 390 381 373 424 415 393 361 372 344 393 405 347 370 384 412 369 369 381 360 383 362 369 334 384 391 357 382 377 371 388 395 389 361 365 407 424 381 356 382 387 355 399 410
392 409 360 364 374 431 411 348 399 404 373 438 370 383 382 387 389 341 383 391 345 390 374 399 374 361 356 369 377 381 394 408 400 380 392 393 356 355 363 381 380 393 368 377 370 395 403 390 368 380 358 346 376 360 392 419 394 352 365 374 379 414 367 384 395 342 398 373 362 396 381 377 375 348 335 403 368 380 414 371 369 373 384 387 361 407 420 369 372 405 362 388 380 378 356 381 402 368 346 381 384 356 395 379 388 339 367 417 402 380 379 372 399 409 369 382 354 361 411 354 406 399 401 398 395 345 406 365
381 360 387 384 358 374 380 406 392 351 370 428 369 380 369 396 396 366 382 357 382 384 383 414 367 399 350 382 403 368 402 395 385 368 416 382 417 392 347 377 420 417 401 354 369 360 391 366 365 365 363 407 402 379 389 355 397 373 377 415 378 385 330 371 356 360 340 381 314 435 375 363 389 376 381 366 375 364 386 405 404 369 362 412 400 362 360 410 373 373 396 379 367 375 373 368 401 351 394 376 377 408 366 390 371 367 372 389 417 380 376 404 410 359 393 396 390 372 349 358 382 383 420 390 369 404 371 377
396 379 394 383 355 413 372 397 372 365 375 376 370 371 381 373 348 373 376 385 382 391 386 357 386 380 409 409 364 378 370 406 366 382 370 384 391 395 347 398 394 378 407 385 378 403 355 377 399 372 381 360 412 398 377 398 380 395 363 386 435 428 361 358 356 370 372 374 437 369 374 395 379 389 401 389 416 348 382 375 385 351 385 360 404 371 389 347 387 400 379 352 366 373 380 377 358 391 390 379 382 368 388 400 385 402 357 370 375 384 360 401 371 373 369 403 374 385 382 384 373 388 383 409 401 372 365 355
360 382 406 369 382 406 395 387 376 348 425 423 403 362 370 393 388 397 368 369 390 372 397 401 389 352 370 380 411 361 382 392 389 384 355 412 383 385 354 355 384 375 400 396 377 393 378 391 334 374 367 387 403 384 365 372 375 380 390 399 429 381 381 376 379 356 408 367 378 395 400 410 418 373 362 376 403 376 379 371 361 390 360 377 386 359 357 385 386 379 344 397 398 374 397 400 384 372 348 359 392 406 379 355 394 381 397 374 379 402 380 384 385 363 398 357 359 408 365 398 386 401 375 384 405 413 382 373
405 353 378 337 366 378 390 397 394 401 381 343 360 372 394 342 392 387 333 359 373 370 405 385 373 363 392 378 419 387 393 382 387 387 381 357 373 391 389 392 356 386 372 378 396 400 377 427 395 382 377 368 366 398 372 361 404 392 382 365 351 376 402 369 374 364 369 359 365 370 390 418 372 395 328 383 381 363 380 374 414 370 361 387 381 369 403 403 421 416 389 428 391 422 401 406 358 370 412 374 368 389 387 387 367 369 380 384 406 367 388 428 346 364 413 385 380 382 350 391 367 350 400 356 381 400 393 376
388 385 379 364 410 382 383 381 377 404 418 423 412 404 357 362 381 394 345 333 366 393 412 334 363 367 370 388 390 384 370 403 358 399 346 370 381 376 406 388 398 371 397 380 384 368 412 376 371 384 376 387 393 378 365 383 393 386 357 380 393 381 367 365 370 386 405 392 379 375 415 366 415 377 406 399 398 351 369 404 412 421 375 364 392 358 392 395 399 351 336 385 377 398 385 390 388 387 408 361 386 366 375 380 405 389 370 401 383 361 356 399 432 389 368 365 360 395 380 400 388 391 357 377 361 413 355 402
396 402 394 367 382 376 383 368 375 352 360 396 364 371 376 366 385 361 366 387 400 400 402 407 410 403 358 365 392 380 362 393 372 387 364 423 405 345 365 381 377 360 370 398 366 386 399 377 362 404 400 370 400 361 395 396 388 381 365 376 377 385 359 392 395 369 358 397 369 405 367 399 417 414 389 374 370 377 379 374 374 377 366 383 382 372 381 387 407 396 382 387 370 401 389 383 388 419 395 370 363 387 386 393 423 380 368 394 383 380 364 407 384 399 393 405 339 378 408 387 387 403 360 383 355 387 393 383
385 370 400 371 364 354 419 396 385 371 412 402 362 365 372 373 352 400 382 372 372 384 404 373 363 371 370 380 369 370 381 386 369 412 367 378 389 415 388 419 373 383 396 389 358 367 373 384 361 402 386 365 408 411 385 411 378 395 396 359 356 357 394 376 388 374 401 385 348 378 409 366 388 413 392 372 410 379 395 414 387 411 381 349 380 382 397 395 389 350 380 381 364 384 376 399 377 364 387 410 382 361 350 364 425 375 357 351 364 363 415 393 386 367 385 386 359 401 375 367 387 370 406 363 378 383 381 397
387 365 399 384 396 402 356 387 373 386 375 363 380 355 376 382 355 398 388 381 378 375 388 376 360 359 369 378 390 397 371 367 450 400 381 414 395 380 398 383 373 403 404 412 372 380 345 379 377 391 393 375 344 383 363 388 362 417 374 355 387 345 372 389 409 380 381 379 373 387 422 399 383 505 420 452 444 419 418 342 392 377 344 378 351 358 392 374 381 397 395 389 361 392 428 379 392 406 387 378 400 360 382 390 364 395 334 382 375 391 379 413 358 397 413 376 371 402 367 395 363 377 402 394 364 386 368 368
349 423 366 359 348 401 390 377 353 363 399 383 371 370 388 385 370 352 352 423 375 422 377 373 366 391 402 376 381 351 370 397 363 379 360 388 419 352 384 374 399 349 362 332 396 388 403 345 401 380 383 363 378 398 380 353 389 369 392 399 375 361 361 375 362 388 402 389 392 439 471 491 555 602 593 518 466 428 418 382 411 349 361 377 369 400 374 374 427 376 407 369 389 409 395 392 379 394 415 383 393 386 399 394 362 380 370 386 357 371 381 371 392 387 339 308 395 369 396 391 388 354 387 374 381 376 387 393
336 403 375 396 371 375 388 373 377 383 414 358 361 384 412 399 372 389 384 367 392 363 396 420 411 386 385 369 386 381 434 392 371 372 381 364 410 382 387 324 365 379 363 376 411 355 369 361 386 361 340 383 382 406 393 399 402 395 382 401 377 393 395 386 396 392 402 402 443 477 572 655 716 735 785 654 611 531 470 425 383 387 401 403 372 384 377 365 377 379 359 384 374 382 380 364 374 407 356 378 411 370 420 392 380 368 401 407 368 399 366 393 403 388 383 419 387 345 373 383 437 405 372 388 418 414 393 377
332 384 377 386 336 336 376 381 411 391 400 372 403 366 397 383 382 382 416 398 368 406 422 375 382 363 409 395 424 368 373 393 371 362 397 346 352 408 362 397 367 371 362 383 397 366 373 366 396 357 384 369 388 360 422 375 353 381 371 378 371 375 407 362 353 395 427 419 488 546 687 832 1004 1038 994 923 737 627 510 396 436 391 389 386 368 388 408 385 407 350 390 382 370 351 374 346 385 381 368 372 412 434 359 359 372 382 383 398 392 399 385 392 399 362 398 383 378 408 351 404 403 428 393 377 423 399 378 354
399 402 366 389 372 365 383 398 358 356 422 350 390 363 396 407 379 367 393 409 376 373 364 394 409 358 401 376 399 348 412 381 366 417 357 394 399 393 405 404 403 379 417 383 426 388 366 403 391 380 386 357 375 416 400 409 383 383 346 371 371 363 406 396 405 390 419 456 505 618 836 1096 1321 1427 1362 1258 948 778 581 450 411 406 410 362 383 367 386 405 402 374 397 405 396 408 342 417 365 399 391 338 367 354 388 381 334 383 368 401 352 400 396 377 372 395 360 384 351 339 397 399 388 427 389 378 380 416 358 406
393 377 411 393 376 368 398 375 370 380 378 393 393 386 390 379 411 404 374 395 365 375 420 357 389 408 367 349 359 367 404 379 375 404 369 379 372 381 364 356 397 380 405 361 391 438 377 374 383 365 407 355 373 391 361 389 395 393 387 388 378 360 378 382 405 389 428 435 577 738 1001 1336 1621 1798 1691 1506 1182 887 649 548 411 398 354 374 383 372 341 388 399 397 390 405 364 360 404 388 376 403 375 367 374 376 391 417 371 409 389 386 365 371 404 360 403 364 389 367 362 357 343 378 386 386 361 369 347 362 399 340
395 363 378 368 347 355 367 371 383 397 415 408 381 368 347 400 381 359 345 403 389 395 351 379 363 358 368 402 370 397 385 400 403 387 353 379 390 369 384 402 358 387 399 349 395 373 362 404 352 366 377 385 409 370 388 366 396 401 382 382 418 401 404 382 363 408 424 435 626 731 1002 1380 1733 1937 1867 1658 1307 931 690 478 428 408 378 387 350 408 365 384 409 374 375 376 352 371 396 355 365 357 394 375 394 398 364 387 370 374 372 392 371 380 368 377 415 400 364 410 364 393 432 369 389 386 391 366 339 384 373 385
360 418 377 378 367 380 401 347 382 394 343 377 368 372 392 336 368 377 373 393 377 388 392 397 395 393 373 390 363 368 407 388 399 378 379 372 403 377 388 375 363 383 394 405 427 408 391 377 386 361 376 399 373 403 415 405 376 406 379 374 397 382 394 371 392 391 431 469 560 749 1047 1372 1707 1807 1817 1630 1252 883 657 505 376 404 383 381 380 423 422 371 384 436 389 399 387 344 355 374 365 370 367 375 368 396 386 365 385 398 393 377 378 412 380 395 334 379 385 387 386 420 368 406 403 375 378 350 387 366 367 369
371 372 386 333 427 387 358 382 409 373 386 364 391 389 376 373 363 358 384 379 328 391 379 405 389 427 364 406 415 412 381 390 379 367 387 403 399 395 374 367 384 386 402 390 390 408 370 383 394 364 373 346 385 366 403 371 365 387 368 364 346 367 403 416 361 388 438 467 496 711 923 1147 1498 1576 1510 1411 1117 842 606 449 420 396 373 342 362 364 385 347 324 378 378 436 394 374 381 383 379 368 402 400 387 390 390 363 378 379 399 387 373 392 408 329 383 380 370 374 395 382 404 387 392 354 367 390 385 386 386 370
416 378 342 404 370 385 383 392 392 384 363 356 360 381 389 404 363 378 356 415 381 367 389 374 378 372 383 386 368 380 404 380 365 410 403 385 367 349 374 418 405 416 376 384 377 403 364 383 399 390 392 421 371 379 351 387 404 413 343 373 366 355 387 384 367 414 402 447 461 582 803 985 1199 1288 1223 1111 873 756 583 440 405 388 395 394 410 402 374 354 359 411 388 392 399 378 385 424 385 360 350 352 411 371 392 403 405 396 408 376 368 400 350 415 361 311 377 359 366 398 371 337 388 390 368 406 405 381 361 370
395 373 408 394 355 349 386 402 405 379 353 387 383 395 393 383 378 405 403 395 359 381 397 381 388 396 381 414 387 352 397 381 369 361 366 369 358 369 379 403 393 354 378 383 377 409 394 364 400 377 387 355 332 368 380 393 389 399 361 353 360 355 415 389 377 388 402 406 443 535 612 744 907 976 877 747 697 566 496 398 414 350 370 374 343 381 348 407 381 405 419 388 390 369 386 342 346 380 363 349 356 385 357 349 390 406 379 394 374 365 408 389 381 357 350 387 372 383 384 374 366 394 377 395 409 379 374 375
396 349 396 356 376 384 378 414 348 363 395 377 386 391 379 362 339 423 403 394 402 359 361 387 374 400 387 398 372 372 355 375 375 412 401 403 378 372 377 350 409 435 389 393 395 414 370 343 380 384 366 368 366 362 374 399 399 392 354 383 381 365 388 372 414 339 386 395 447 456 488 564 601 668 625 604 541 466 423 413 393 371 386 368 367 405 360 433 356 374 381 381 389 383 368 404 357 376 340 367 400 386 381 363 377 360 360 407 368 392 392 418 400 401 348 362 359 399 363 400 377 379 355 355 396 372 392 392
405 380 378 380 353 401 383 381 369 387 413 392 364 374 403 394 380 393 382 382 376 361 390 352 397 395 412 345 379 375 376 402 419 365 396 393 370 375 342 378 372 405 384 375 407 375 391 394 374 379 367 399 379 385 403 400 390 369 398 370 378 396 365 379 398 409 370 381 383 399 421 445 452 471 529 477 456 450 406 376 393 400 388 387 407 389 391 357 407 409 403 396 380 356 372 390 376 369 392 364 375 408 397 420 382 414 378 398 406 385 375 402 376 379 409 370 375 393 375 397 375 394 345 382 393 380 359 377
371 364 385 335 377 375 365 400 394 344 368 374 380 392 387 399 385 374 349 366 364 371 372 365 352 381 356 384 404 368 350 387 378 413 364 402 366 397 355 409 388 418 408 373 418 382 407 396 387 368 397 380 401 398 361 405 386 386 381 375 373 349 398 414 379 386 384 381 408 437 377 451 434 449 404 432 413 368 427 364 393 388 364 388 392 395 386 396 387 339 413 390 389 344 408 374 344 344 390 370 361 386 394 400 387 391 376 323 383 357 382 383 382 371 395 418 396 373 371 396 372 368 429 401 381 383 380 355
380 401 393 440 413 400 382 355 403 358 380 376 377 403 390 351 386 350 358 346 364 382 391 393 396 372 424 382 368 377 387 374 444 384 383 365 418 383 391 392 392 370 382 365 386 438 409 366 376 384 353 360 404 379 401 370 384 375 333 389 372 368 360 414 403 367 382 360 372 394 406 431 392 419 381 394 358 357 367 380 377 424 401 363 384 410 378 369 413 411 417 403 382 357 369 391 369 363 388 362 386 362 415 386 388 328 369 369 384 361 385 372 385 393 361 354 394 374 392 366 352 353 376 381 386 379 355 399
372 384 374 388 362 383 383 408 386 374 385 387 383 403 353 399 369 407 347 392 410 359 378 377 366 361 368 358 387 349 350 386 382 362 380 340 362 403 367 365 390 421 389 393 414 403 390 376 367 398 378 349 389 384 346 432 396 387 399 389 372 389 371 371 418 389 394 372 394 385 416 387 388 404 397 353 395 351 362 383 381 408 407 387 397 384 367 350 390 357 386 341 399 378 413 379 369 405 391 364 401 376 386 389 391 411 381 356 373 376 410 354 362 386 363 369 364 371 382 404 343 402 384 346 384 388 400 369
403 402 380 412 360 361 361 408 380 387 361 347 363 348 397 401 391 362 387 390 396 372 382 357 376 375 368 391 363 381 344 396 366 383 347 355 396 354 390 429 382 400 380 357 376 378 353 364 388 416 379 357 372 367 397 381 421 380 388 368 360 384 357 393 356 369 361 406 387 407 402 375 363 406 403 399 351 338 381 410 439 417 431 403 398 402 393 380 396 373 364 370 407 384 363 404 372 337 394 404 399 362 379 369 407 378 431 373 363 386 430 361 366 390 439 371 373 401 345 368 379 390 394 393 380 359 397 356
400 404 394 383 390 349 394 372 364 373 402 345 382 337 355 412 391 432 396 382 375 348 377 377 382 375 409 393 355 401 397 388 368 418 397 388 420 394 360 365 401 364 390 414 387 399 392 379 370 382 369 387 419 367 396 393 377 418 355 386 365 389 392 339 425 407 402 354 394 373 365 381 373 329 369 369 358 390 420 362 372 370 364 386 406 349 373 376 401 405 366 384 409 379 399 378 395 379 383 355 394 398 370 370 395 414 392 390 386 411 368 380 359 391 365 397 357 385 370 375 395 381 369 380 358 405 404 389
378 408 391 376 352 399 380 363 387 368 390 395 373 404 374 374 411 383 373 339 340 399 374 373 396 392 413 370 382 374 375 410 386 412 361 406 402 407 356 377 380 366 341 406 409 360 341 386 332 394 397 378 386 363 372 433 393 366 374 389 383 391 381 433 363 379 384 393 394 381 351 394 385 388 398 405 360 400 386 384 390 385 393 360 354 399 397 388 388 356 364 422 378 402 394 357 416 380 377 415 392 385 372 396 376 363 373 380 398 383 387 364 382 417 377 435 385 371 409 391 367 338 423 414 385 360 371 378
396 394 380 388 370 383 375 405 374 378 410 399 413 378 376 379 372 375 355 389 414 364 374 379 390 374 369 387 352 354 349 387 395 399 382 348 381 389 381 369 355 368 378 380 388 390 391 357 361 408 377 355 343 379 378 422 371 388 407 386 414 381 391 389 424 380 365 389 393 383 375 383 403 373 380 390 403 348 388 376 379 374 356 402 405 364 411 381 401 351 405 377 401 385 384 359 385 394 413 382 369 362 373 372 395 415 383 396 396 407 362 407 379 359 400 380 388 377 383 374 370 353 363 348 386 359 386 416
387 429 385 389 394 344 379 384 372 358 371 367 354 372 370 353 329 388 354 390 376 395 393 375 396 358 388 373 359 364 382 372 425 357 386 390 360 388 372 358 355 385 375 374 408 369 386 417 378 399 381 396 398 367 366 421 402 344 367 359 416 365 378 389 369 375 383 385 398 356 390 371 390 409 391 383 398 365 374 364 382 378 365 359 389 407 388 369 379 368 357 360 392 413 400 407 398 370 407 418 384 373 337 413 389 373 418 369 387 371 389 402 379 396 346 374 400 368 389 386 358 347 373 349 397 383 423 362
403 362 397 396 399 391 372 422 386 386 347 426 382 364 374 380 374 379 367 373 366 404 388 414 351 383 362 404 419 370 388 384 350 378 391 356 359 360 350 373 394 412 364 417 424 376 374 394 404 358 358 358 375 370 368 422 392 384 362 383 398 369 391 353 378 360 379 411 381 361 375 387 368 367 375 369 392 390 389 390 354 392 408 357 373 342 414 371 388 404 369 402 387 368 386 366 416 373 400 381 346 413 381 382 351 403 370 365 371 401 368 371 364 386 417 370 409 397 377 427 381 407 355 391 359 380 394 378
386 385 387 386 390 368 389 381 362 371 397 352 387 364 363 389 397 418 393 389 367 367 381 389 380 391 371 361 337 395 375 378 368 407 370 429 412 381 372 375 353 373 386 389 373 379 362 390 326 367 399 381 370 380 395 357 384 407 363 356 406 369 390 390 375 422 383 394 349 362 381 372 382 402 413 407 355 414 384 394 369 390 376 370 393 407 395 381 390 397 385 339 366 417 390 380 379 401 400 390 372 360 405 382 406 370 426 406 381 365 360 376 361 399 384 409 369 375 394 398 387 383 393 374 391 381 397 401
362 371 365 390 385 369 379 402 392 401 364 342 395 403 373 406 403 361 383 358 389 398 386 379 412 393 371 374 407 398 350 386 420 370 380 386 366 383 357 398 386 402 378 384 401 362 370 413 364 421 384 389 394 407 363 368 392 364 349 377 366 377 381 361 395 369 410 364 375 383 350 343 377 411 362 376 394 360 369 377 384 397 403 384 316 382 363 387 382 366 407 385 428 408 364 403 378 424 356 386 390 409 372 390 373 393 398 391 388 391 366 446 404 396 403 380 428 418 376 416 386 390 386 421 398 363 399 395
